a = 4/3
a = 3/3 + 1/3
a = 1 + 1/3
a = 1.333333333...

b = a - 1
b = 1/3
b = 0.333333333...

c = b + b + b
c = 3b
c = 3(1/3)
c = 3/3
c = 1

e = 1 - c
e = 1 - 1
e = 0


Matlab
a = 1.333333333333333
b = 0.333333333333333
c = 1.000000000000000
d = 2.220446049250313e-16


Explanation

